-2.003366 7.153377 4.600084 -2.301357 6.233952 4.757162 -2.301357 6.233952 4.757162 
-2.301357 6.233952 4.757162 -1.966049 7.153377 4.490087 -2.003366 7.153377 4.600084 
-2.301357 6.233952 4.757162 -2.301357 6.233952 4.757162 -2.301357 6.233952 4.757162 
-2.301357 6.233952 4.757162 -2.327651 6.233952 4.723732 -2.301357 6.233952 4.757162 
-2.301357 6.233952 4.757162 -2.110209 7.131412 4.988134 -2.128315 7.153377 4.965114 
-2.128315 7.153377 4.965114 -2.301357 6.233952 4.757162 -2.301357 6.233952 4.757162 
-1.968598 7.187886 4.586109 -2.003366 7.153377 4.600084 -1.966049 7.153377 4.490087 
-1.966049 7.153377 4.490087 -1.943660 7.167064 4.472477 -1.968598 7.187886 4.586109 
-1.874551 7.856875 4.534585 -1.888407 7.267478 4.553874 -1.892021 7.198632 4.431862 
-1.892021 7.198632 4.431862 -1.672954 7.665348 4.372763 -1.874551 7.856875 4.534585 
-1.618078 10.633014 4.255019 -1.689676 10.076754 4.346684 -1.506899 9.423166 4.128954 
-1.506899 9.423166 4.128954 -1.493546 10.177114 4.113433 -1.618078 10.633014 4.255019 
-2.059721 11.607806 4.773218 -2.038079 11.142391 4.825721 -1.585980 10.693732 4.537815 
-1.585980 10.693732 4.537815 -1.721977 11.088914 4.422839 -2.059721 11.607806 4.773218 
-1.653293 8.160697 4.843560 -1.831380 7.468113 4.736781 -1.592390 8.048402 4.749297 
-1.685606 8.017576 4.858050 -1.804021 7.543341 4.854210 -1.831380 7.468113 4.736781 
-1.653293 8.160697 4.843560 -1.685606 8.017576 4.858050 -1.831380 7.468113 4.736781 
-1.946193 7.271318 4.795273 -2.059306 7.153377 4.764976 -2.040684 7.153377 4.710082 
-2.040684 7.153377 4.710082 -1.977381 7.248567 4.718157 -1.946193 7.271318 4.795273 
-2.301357 6.233952 4.757162 -2.301357 6.233952 4.757162 -2.301357 6.233952 4.757162 
-2.301357 6.233952 4.757162 -2.301357 6.233952 4.757162 -2.301357 6.233952 4.757162 
-2.059306 7.153377 4.764976 -2.301357 6.233952 4.757162 -2.301357 6.233952 4.757162 
-2.301357 6.233952 4.757162 -2.040684 7.153377 4.710082 -2.059306 7.153377 4.764976 
-1.672954 7.665348 4.372763 -1.892021 7.198632 4.431862 -0.255251 12.098346 3.144506 
-0.255251 12.098346 3.144506 -0.253232 12.166719 3.142917 -1.672954 7.665348 4.372763 
-1.493546 10.177114 4.113433 -1.506899 9.423166 4.128954 -0.245624 12.424240 3.136933 
-0.245624 12.424240 3.136933 -0.334920 12.545303 3.202147 -1.493546 10.177114 4.113433 
-1.506899 9.423166 4.128954 -1.682847 9.036411 4.267342 -0.250022 12.275352 3.140393 
-0.250022 12.275352 3.140393 -0.245624 12.424240 3.136933 -1.506899 9.423166 4.128954 
-1.682847 9.036411 4.267342 -1.672954 7.665348 4.372763 -0.253232 12.166719 3.142917 
-0.253232 12.166719 3.142917 -0.250022 12.275352 3.140393 -1.682847 9.036411 4.267342 
-1.732976 10.839609 4.631425 -1.664472 9.908852 4.756733 -1.563570 9.809293 4.693292 
-1.563570 9.809293 4.693292 -1.585980 10.693732 4.537815 -1.732976 10.839609 4.631425 
-1.664472 9.908852 4.756733 -1.653293 8.160697 4.843560 -1.592390 8.048402 4.749297 
-1.592390 8.048402 4.749297 -1.563570 9.809293 4.693292 -1.664472 9.908852 4.756733 
-1.689676 10.076754 4.346684 -1.792848 9.422852 4.460046 -1.682847 9.036411 4.267342 
-1.682847 9.036411 4.267342 -1.506899 9.423166 4.128954 -1.689676 10.076754 4.346684 
-1.792848 9.422852 4.460046 -1.874551 7.856875 4.534585 -1.672954 7.665348 4.372763 
-1.672954 7.665348 4.372763 -1.682847 9.036411 4.267342 -1.792848 9.422852 4.460046 
-1.682847 9.036411 4.267342 -1.672954 7.665348 4.372763 -1.811221 7.665348 4.368311 
-1.811221 7.665348 4.368311 -1.682847 9.036411 4.267342 -1.682847 9.036411 4.267342 
-1.682847 9.036411 4.267342 -1.811221 7.665348 4.368311 -1.618258 7.665348 4.586233 
-1.618258 7.665348 4.586233 -1.579651 9.036411 4.398547 -1.682847 9.036411 4.267342 
-1.579651 9.036411 4.398547 -1.618258 7.665348 4.586233 -1.592390 8.048402 4.749297 
-1.592390 8.048402 4.749297 -1.563570 9.809293 4.693292 -1.579651 9.036411 4.398547 
-1.563570 9.809293 4.693292 -1.592390 8.048402 4.749297 -1.874551 7.856875 4.534585 
-1.874551 7.856875 4.534585 -1.792848 9.422852 4.460046 -1.563570 9.809293 4.693292 
-1.585980 10.693732 4.537815 -1.563570 9.809293 4.693292 -1.792848 9.422852 4.460046 
-1.792848 9.422852 4.460046 -1.689676 10.076754 4.346684 -1.585980 10.693732 4.537815 
-1.721977 11.088914 4.422839 -1.585980 10.693732 4.537815 -1.689676 10.076754 4.346684 
-1.689676 10.076754 4.346684 -1.618078 10.633014 4.255019 -1.721977 11.088914 4.422839 
-1.592390 8.048402 4.749297 -1.831380 7.468113 4.736781 -1.888407 7.267478 4.553874 
-1.888407 7.267478 4.553874 -1.874551 7.856875 4.534585 -1.592390 8.048402 4.749297 
-1.977381 7.248567 4.718157 -2.040684 7.153377 4.710082 -2.003366 7.153377 4.600084 
-2.003366 7.153377 4.600084 -1.968598 7.187886 4.586109 -1.977381 7.248567 4.718157 
-2.301357 6.233952 4.757162 -2.301357 6.233952 4.757162 -2.327651 6.233952 4.723732 
-2.327651 6.233952 4.723732 -2.301357 6.233952 4.757162 -2.301357 6.233952 4.757162 
-2.040684 7.153377 4.710082 -2.301357 6.233952 4.757162 -2.301357 6.233952 4.757162 
-2.301357 6.233952 4.757162 -2.003366 7.153377 4.600084 -2.040684 7.153377 4.710082 
-1.579651 9.036411 4.398547 -1.563570 9.809293 4.693292 -1.689676 10.076754 4.346684 
-1.682847 9.036411 4.267342 -1.579651 9.036411 4.398547 -1.689676 10.076754 4.346684 
-1.618258 7.665348 4.586233 -1.831380 7.468113 4.736781 -1.592390 8.048402 4.749297 
-1.555807 11.604789 4.155181 -1.590727 11.401669 4.299355 -1.555629 11.118196 4.175066 
-1.555629 11.118196 4.175066 -1.515071 11.433299 4.123141 -1.555807 11.604789 4.155181 
-1.474335 11.261809 4.091102 -1.481899 10.834723 4.099894 -0.412805 12.650896 3.259028 
-0.412805 12.650896 3.259028 -0.463389 12.719475 3.295970 -1.474335 11.261809 4.091102 
-2.303073 12.686043 4.742923 -2.210568 12.684780 4.813246 -1.590727 11.401669 4.299355 
-1.590727 11.401669 4.299355 -1.555807 11.604789 4.155181 -2.303073 12.686043 4.742923 
-1.515071 11.433299 4.123141 -1.555629 11.118196 4.175066 -1.481899 10.834723 4.099894 
-1.481899 10.834723 4.099894 -1.474335 11.261809 4.091102 -1.515071 11.433299 4.123141 
-2.303073 12.686043 4.742923 -1.555807 11.604789 4.155181 -1.567557 11.604789 4.140242 
-1.567557 11.604789 4.140242 -2.064567 12.305434 4.531151 -2.303073 12.686043 4.742923 
-1.567557 11.604789 4.140242 -1.526821 11.433299 4.108202 -1.486085 11.261809 4.076162 
-0.475139 12.719475 3.281030 -0.424555 12.650896 3.244089 -1.486085 11.261809 4.076162 
-0.346670 12.545303 3.187208 -0.257374 12.424240 3.121994 -0.261773 12.275352 3.125453 
-0.424555 12.650896 3.244089 -0.346670 12.545303 3.187208 -1.486085 11.261809 4.076162 
-2.064567 12.305434 4.531151 -1.567557 11.604789 4.140242 -1.486085 11.261809 4.076162 
-2.314823 12.658228 4.727984 -2.081538 12.329359 4.544499 -2.064567 12.305434 4.531151 
-1.977800 7.153377 4.475147 -2.327651 6.233952 4.723732 -2.314823 12.658228 4.727984 
-0.267002 12.098346 3.129566 -1.903771 7.198632 4.416923 -1.917891 7.190001 4.428028 
-1.955410 7.167064 4.457538 -1.977800 7.153377 4.475147 -2.314823 12.658228 4.727984 
-0.267002 12.098346 3.129566 -1.917891 7.190001 4.428028 -1.955410 7.167064 4.457538 
-0.261773 12.275352 3.125453 -0.264982 12.166719 3.127978 -0.267002 12.098346 3.129566 
-0.346670 12.545303 3.187208 -0.261773 12.275352 3.125453 -1.486085 11.261809 4.076162 
-2.314823 12.658228 4.727984 -2.064567 12.305434 4.531151 -1.486085 11.261809 4.076162 
-0.261773 12.275352 3.125453 -0.267002 12.098346 3.129566 -1.955410 7.167064 4.457538 
-1.955410 7.167064 4.457538 -2.314823 12.658228 4.727984 -1.486085 11.261809 4.076162 
-0.261773 12.275352 3.125453 -1.955410 7.167064 4.457538 -1.486085 11.261809 4.076162 
-1.515071 11.433299 4.123141 -1.474335 11.261809 4.091102 -1.486085 11.261809 4.076162 
-1.486085 11.261809 4.076162 -1.526821 11.433299 4.108202 -1.515071 11.433299 4.123141 
-0.253232 12.166719 3.142917 -0.255251 12.098346 3.144506 -0.267002 12.098346 3.129566 
-0.267002 12.098346 3.129566 -0.264982 12.166719 3.127978 -0.253232 12.166719 3.142917 
-0.250022 12.275352 3.140393 -0.253232 12.166719 3.142917 -0.264982 12.166719 3.127978 
-0.264982 12.166719 3.127978 -0.261773 12.275352 3.125453 -0.250022 12.275352 3.140393 
-0.463389 12.719475 3.295970 -0.412805 12.650896 3.259028 -0.424555 12.650896 3.244089 
-0.424555 12.650896 3.244089 -0.475139 12.719475 3.281030 -0.463389 12.719475 3.295970 
-0.245624 12.424240 3.136933 -0.250022 12.275352 3.140393 -0.261773 12.275352 3.125453 
-0.261773 12.275352 3.125453 -0.257374 12.424240 3.121994 -0.245624 12.424240 3.136933 
-1.555807 11.604789 4.155181 -1.515071 11.433299 4.123141 -1.526821 11.433299 4.108202 
-1.526821 11.433299 4.108202 -1.567557 11.604789 4.140242 -1.555807 11.604789 4.155181 
-0.255251 12.098346 3.144506 -1.892021 7.198632 4.431862 -1.903771 7.198632 4.416923 
-1.903771 7.198632 4.416923 -0.267002 12.098346 3.129566 -0.255251 12.098346 3.144506 
-1.943660 7.167064 4.472477 -1.966049 7.153377 4.490087 -1.977800 7.153377 4.475147 
-1.977800 7.153377 4.475147 -1.955410 7.167064 4.457538 -1.943660 7.167064 4.472477 
-2.327651 6.233952 4.723732 -2.303073 12.658228 4.742923 -2.314823 12.658228 4.727984 
-2.314823 12.658228 4.727984 -2.327651 6.233952 4.723732 -2.327651 6.233952 4.723732 
-0.334920 12.545303 3.202147 -0.245624 12.424240 3.136933 -0.257374 12.424240 3.121994 
-0.257374 12.424240 3.121994 -0.346670 12.545303 3.187208 -0.334920 12.545303 3.202147 
-1.966049 7.153377 4.490087 -2.327651 6.233952 4.723732 -2.327651 6.233952 4.723732 
-2.327651 6.233952 4.723732 -1.977800 7.153377 4.475147 -1.966049 7.153377 4.490087 
-1.474335 11.261809 4.091102 -0.463389 12.719475 3.295970 -0.475139 12.719475 3.281030 
-0.475139 12.719475 3.281030 -1.486085 11.261809 4.076162 -1.474335 11.261809 4.091102 
-2.303073 12.709969 4.742923 -2.303073 12.686043 4.742923 -2.064567 12.305434 4.531151 
-2.064567 12.305434 4.531151 -2.081538 12.329359 4.544499 -2.303073 12.709969 4.742923 
-2.303073 12.709969 4.742923 -2.225021 12.705357 4.825514 -2.210568 12.684780 4.813246 
-2.210568 12.684780 4.813246 -2.303073 12.686043 4.742923 -2.303073 12.709969 4.742923 
-1.877621 10.125952 4.897291 -1.779218 8.405569 5.051326 -1.779701 8.393776 5.039212 
-1.779701 8.393776 5.039212 -1.873903 10.115497 4.888413 -1.877621 10.125952 4.897291 
-2.038079 11.142391 4.825721 -1.877621 10.125952 4.897291 -1.873903 10.115497 4.888413 
-1.873903 10.115497 4.888413 -2.038079 11.142391 4.825721 -2.038079 11.142391 4.825721 
-2.099916 7.153377 4.884677 -2.301357 6.233952 4.757162 -2.301357 6.233952 4.757162 
-2.301357 6.233952 4.757162 -2.097960 7.153377 4.878912 -2.099916 7.153377 4.884677 
-2.301357 6.233952 4.757162 -2.301357 6.233952 4.757162 -2.301357 6.233952 4.757162 
-2.301357 6.233952 4.757162 -2.301357 6.233952 4.757162 -2.301357 6.233952 4.757162 
-1.882049 7.322293 4.963397 -2.099916 7.153377 4.884677 -2.097960 7.153377 4.878912 
-2.097960 7.153377 4.878912 -1.881459 7.318542 4.955335 -1.882049 7.322293 4.963397 
-2.068685 11.618797 4.780749 -2.038079 11.142391 4.825721 -2.038079 11.142391 4.825721 
-2.038079 11.142391 4.825721 -2.059721 11.607806 4.773218 -2.068685 11.618797 4.780749 
-2.191900 11.769863 4.884272 -2.151549 11.153307 4.935575 -2.038079 11.142391 4.825721 
-2.038079 11.142391 4.825721 -2.068685 11.618797 4.780749 -2.191900 11.769863 4.884272 
-1.888515 8.373367 5.270000 -1.830730 7.860378 5.343469 -1.744675 7.711884 5.111306 
-1.744675 7.711884 5.111306 -1.747900 8.014914 5.095557 -1.888515 8.373367 5.270000 
-2.025683 7.351882 5.095602 -2.110209 7.131412 4.988134 -2.099916 7.153377 4.884677 
-2.099916 7.153377 4.884677 -1.882049 7.322293 4.963397 -2.025683 7.351882 5.095602 
-2.301357 6.233952 4.757162 -2.301357 6.233952 4.757162 -2.301357 6.233952 4.757162 
-2.301357 6.233952 4.757162 -2.301357 6.233952 4.757162 -2.301357 6.233952 4.757162 
-2.110209 7.131412 4.988134 -2.301357 6.233952 4.757162 -2.301357 6.233952 4.757162 
-2.301357 6.233952 4.757162 -2.099916 7.153377 4.884677 -2.110209 7.131412 4.988134 
-2.151549 11.153307 4.935575 -2.066551 10.269678 5.043643 -1.877621 10.125952 4.897291 
-1.877621 10.125952 4.897291 -2.038079 11.142391 4.825721 -2.151549 11.153307 4.935575 
-2.066551 10.269678 5.043643 -1.910403 8.567680 5.242171 -1.779218 8.405569 5.051326 
-1.779218 8.405569 5.051326 -1.877621 10.125952 4.897291 -2.066551 10.269678 5.043643 
-2.303073 12.658228 4.742923 -2.248166 12.307636 4.812733 -2.225021 12.705357 4.825514 
-2.225021 12.705357 4.825514 -2.303073 12.709969 4.742923 -2.303073 12.658228 4.742923 
-2.303073 12.658228 4.742923 -2.303073 12.709969 4.742923 -2.081538 12.329359 4.544499 
-2.081538 12.329359 4.544499 -2.314823 12.658228 4.727984 -2.303073 12.658228 4.742923 
-2.248166 12.307636 4.812733 -2.191900 11.769863 4.884272 -2.068685 11.618797 4.780749 
-2.068685 11.618797 4.780749 -2.225021 12.705357 4.825514 -2.248166 12.307636 4.812733 
-2.059721 11.607806 4.773218 -2.210568 12.684780 4.813246 -1.442941 13.773935 4.969955 
-1.442941 13.773935 4.969955 -1.420981 13.157101 4.959026 -2.059721 11.607806 4.773218 
-0.412805 12.650896 3.259028 -0.334920 12.545303 3.202147 -0.346670 12.545303 3.187208 
-0.346670 12.545303 3.187208 -0.424555 12.650896 3.244089 -0.412805 12.650896 3.259028 
-1.590727 11.401669 4.299355 -1.721977 11.088914 4.422839 -1.618078 10.633014 4.255019 
-1.618078 10.633014 4.255019 -1.555629 11.118196 4.175066 -1.590727 11.401669 4.299355 
-1.481899 10.834723 4.099894 -1.493546 10.177114 4.113433 -0.334920 12.545303 3.202147 
-0.334920 12.545303 3.202147 -0.412805 12.650896 3.259028 -1.481899 10.834723 4.099894 
-2.210568 12.684780 4.813246 -2.059721 11.607806 4.773218 -1.721977 11.088914 4.422839 
-1.721977 11.088914 4.422839 -1.590727 11.401669 4.299355 -2.210568 12.684780 4.813246 
-1.555629 11.118196 4.175066 -1.618078 10.633014 4.255019 -1.493546 10.177114 4.113433 
-1.493546 10.177114 4.113433 -1.481899 10.834723 4.099894 -1.555629 11.118196 4.175066 
-1.457394 13.794512 4.982223 -1.429945 13.168091 4.966557 -1.420981 13.157101 4.959026 
-1.420981 13.157101 4.959026 -1.442941 13.773935 4.969955 -1.457394 13.794512 4.982223 
-2.225021 12.705357 4.825514 -2.068685 11.618797 4.780749 -1.429945 13.168091 4.966557 
-1.429945 13.168091 4.966557 -1.457394 13.794512 4.982223 -2.225021 12.705357 4.825514 
-2.210568 12.684780 4.813246 -2.225021 12.705357 4.825514 -1.457394 13.794512 4.982223 
-1.457394 13.794512 4.982223 -1.442941 13.773935 4.969955 -2.210568 12.684780 4.813246 
-2.068685 11.618797 4.780749 -2.059721 11.607806 4.773218 -1.420981 13.157101 4.959026 
-1.420981 13.157101 4.959026 -1.429945 13.168091 4.966557 -2.068685 11.618797 4.780749 
-1.782238 7.605355 5.070862 -1.882049 7.322293 4.963397 -1.881459 7.318542 4.955335 
-1.881459 7.318542 4.955335 -1.783936 7.595320 5.058951 -1.782238 7.605355 5.070862 
-1.906141 7.190001 4.442967 -1.943660 7.167064 4.472477 -1.955410 7.167064 4.457538 
-1.955410 7.167064 4.457538 -1.917891 7.190001 4.428028 -1.906141 7.190001 4.442967 
-1.871302 7.408081 4.731688 -1.977381 7.248567 4.718157 -1.968598 7.187886 4.586109 
-1.968598 7.187886 4.586109 -1.910335 7.245715 4.562689 -1.871302 7.408081 4.731688 
-1.842896 7.468960 4.838095 -1.946193 7.271318 4.795273 -1.977381 7.248567 4.718157 
-1.977381 7.248567 4.718157 -1.871302 7.408081 4.731688 -1.842896 7.468960 4.838095 
-1.910335 7.245715 4.562689 -1.968598 7.187886 4.586109 -1.943660 7.167064 4.472477 
-1.943660 7.167064 4.472477 -1.906141 7.190001 4.442967 -1.910335 7.245715 4.562689 
-1.888407 7.267478 4.553874 -1.910335 7.245715 4.562689 -1.906141 7.190001 4.442967 
-1.906141 7.190001 4.442967 -1.892021 7.198632 4.431862 -1.888407 7.267478 4.553874 
-1.804021 7.543341 4.854210 -1.842896 7.468960 4.838095 -1.871302 7.408081 4.731688 
-1.871302 7.408081 4.731688 -1.831380 7.468113 4.736781 -1.804021 7.543341 4.854210 
-1.831380 7.468113 4.736781 -1.871302 7.408081 4.731688 -1.910335 7.245715 4.562689 
-1.910335 7.245715 4.562689 -1.888407 7.267478 4.553874 -1.831380 7.468113 4.736781 
-1.892021 7.198632 4.431862 -1.906141 7.190001 4.442967 -1.917891 7.190001 4.428028 
-1.917891 7.190001 4.428028 -1.903771 7.198632 4.416923 -1.892021 7.198632 4.431862 
-1.744675 7.711884 5.111306 -1.782238 7.605355 5.070862 -1.783936 7.595320 5.058951 
-1.783936 7.595320 5.058951 -1.747234 7.699483 5.097946 -1.744675 7.711884 5.111306 
-1.744675 7.711884 5.111306 -1.830730 7.860378 5.343469 -1.884038 7.721336 5.275693 
-1.744675 7.711884 5.111306 -1.782238 7.605355 5.070862 -1.783388 7.610043 5.069847 
-1.783388 7.610043 5.069847 -1.747703 7.711245 5.108269 -1.744675 7.711884 5.111306 
-1.804082 7.551129 4.864028 -1.881459 7.318542 4.955335 -1.946193 7.271318 4.795273 
-1.946193 7.271318 4.795273 -1.804021 7.543341 4.854210 -1.804082 7.551129 4.864028 
-1.873903 10.115497 4.888413 -1.779701 8.393776 5.039212 -1.653293 8.160697 4.843560 
-1.653293 8.160697 4.843560 -1.664472 9.908852 4.756733 -1.873903 10.115497 4.888413 
-2.038079 11.142391 4.825721 -1.873903 10.115497 4.888413 -1.664472 9.908852 4.756733 
-1.664472 9.908852 4.756733 -1.732976 10.839609 4.631425 -2.038079 11.142391 4.825721 
-2.097960 7.153377 4.878912 -2.301357 6.233952 4.757162 -2.301357 6.233952 4.757162 
-2.301357 6.233952 4.757162 -2.059306 7.153377 4.764976 -2.097960 7.153377 4.878912 
-2.301357 6.233952 4.757162 -2.301357 6.233952 4.757162 -2.301357 6.233952 4.757162 
-2.301357 6.233952 4.757162 -2.301357 6.233952 4.757162 -2.301357 6.233952 4.757162 
-1.881459 7.318542 4.955335 -2.097960 7.153377 4.878912 -2.059306 7.153377 4.764976 
-2.059306 7.153377 4.764976 -1.946193 7.271318 4.795273 -1.881459 7.318542 4.955335 
-1.747234 7.699483 5.097946 -1.882049 7.322293 4.963397 -1.878209 7.341134 4.967756 
-1.878209 7.341134 4.967756 -1.750134 7.699464 5.095578 -1.747234 7.699483 5.097946 
-1.779701 8.393776 5.039212 -1.748953 8.002954 5.083101 -1.685606 8.017576 4.858050 
-1.685606 8.017576 4.858050 -1.653293 8.160697 4.843560 -1.779701 8.393776 5.039212 
-1.910403 8.567680 5.242171 -1.888515 8.373367 5.270000 -1.747900 8.014914 5.095557 
-1.747900 8.014914 5.095557 -1.779218 8.405569 5.051326 -1.910403 8.567680 5.242171 
-1.779218 8.405569 5.051326 -1.747900 8.014914 5.095557 -1.748953 8.002954 5.083101 
-1.748953 8.002954 5.083101 -1.779701 8.393776 5.039212 -1.779218 8.405569 5.051326 
-1.882049 7.322293 4.963397 -1.782238 7.605355 5.070862 -1.783388 7.610043 5.069847 
-1.783388 7.610043 5.069847 -1.878209 7.341134 4.967756 -1.882049 7.322293 4.963397 
-1.748953 8.002954 5.083101 -1.747900 8.014914 5.095557 -1.750767 7.999123 5.093308 
-1.750767 7.999123 5.093308 -1.751767 7.987761 5.081474 -1.748953 8.002954 5.083101 
-1.750767 7.999123 5.093308 -1.747703 7.711245 5.108269 -1.750134 7.699464 5.095578 
-1.750134 7.699464 5.095578 -1.751767 7.987761 5.081474 -1.750767 7.999123 5.093308 
-1.888002 7.720224 5.270653 -2.022565 7.369243 5.099567 -1.878209 7.341134 4.967756 
-1.878209 7.341134 4.967756 -1.783388 7.610043 5.069847 -1.888002 7.720224 5.270653 
-1.747703 7.711245 5.108269 -1.783388 7.610043 5.069847 -1.888002 7.720224 5.270653 
-1.751767 7.987761 5.081474 -1.750134 7.699464 5.095578 -1.804082 7.551129 4.864028 
-1.804082 7.551129 4.864028 -1.691588 8.001653 4.867676 -1.751767 7.987761 5.081474 
-1.878209 7.341134 4.967756 -1.804082 7.551129 4.864028 -1.750134 7.699464 5.095578 
-1.804082 7.551129 4.864028 -1.878209 7.341134 4.967756 -1.747703 7.711245 5.108269 
-2.025683 7.351882 5.095602 -1.882049 7.322293 4.963397 -1.878209 7.341134 4.967756 
-1.878209 7.341134 4.967756 -2.022565 7.369243 5.099567 -2.025683 7.351882 5.095602 
-1.744675 7.711884 5.111306 -1.804021 7.543341 4.854210 -1.804082 7.551129 4.864028 
-1.804082 7.551129 4.864028 -1.747703 7.711245 5.108269 -1.744675 7.711884 5.111306 
-1.747900 8.014914 5.095557 -1.744675 7.711884 5.111306 -1.747703 7.711245 5.108269 
-1.747703 7.711245 5.108269 -1.750767 7.999123 5.093308 -1.747900 8.014914 5.095557 
-1.884038 7.721336 5.275693 -1.744675 7.711884 5.111306 -1.747703 7.711245 5.108269 
-1.747703 7.711245 5.108269 -1.888002 7.720224 5.270653 -1.884038 7.721336 5.275693 
-1.882049 7.322293 4.963397 -1.744675 7.711884 5.111306 -1.747703 7.711245 5.108269 
-1.747703 7.711245 5.108269 -1.878209 7.341134 4.967756 -1.882049 7.322293 4.963397 
-1.804021 7.543341 4.854210 -1.685606 8.017576 4.858050 -1.691588 8.001653 4.867676 
-1.691588 8.001653 4.867676 -1.804082 7.551129 4.864028 -1.804021 7.543341 4.854210 
-1.744675 7.711884 5.111306 -1.747234 7.699483 5.097946 -1.750134 7.699464 5.095578 
-1.750134 7.699464 5.095578 -1.747703 7.711245 5.108269 -1.744675 7.711884 5.111306 
-1.685606 8.017576 4.858050 -1.748953 8.002954 5.083101 -1.751767 7.987761 5.081474 
-1.751767 7.987761 5.081474 -1.691588 8.001653 4.867676 -1.685606 8.017576 4.858050 
-2.512508 7.153377 5.000535 -2.628201 7.153377 5.010884 -2.289640 6.233952 4.747946 
-2.289640 6.233952 4.747946 -2.289640 6.233952 4.747946 -2.512508 7.153377 5.000535 
-2.289640 6.233952 4.747946 -2.289640 6.233952 4.747946 -2.289640 6.233952 4.747946 
-2.289640 6.233952 4.747946 -2.315934 6.233952 4.714515 -2.289640 6.233952 4.747946 
-2.248166 12.307636 4.812733 -2.265726 12.307636 4.790408 -2.303073 12.658228 4.742923 
-2.303073 12.658228 4.742923 -2.303073 12.658228 4.742923 -2.248166 12.307636 4.812733 
-2.289640 6.233952 4.747946 -2.289640 6.233952 4.747946 -2.128315 7.153377 4.965114 
-2.128315 7.153377 4.965114 -2.110209 7.131412 4.988134 -2.289640 6.233952 4.747946 
-2.534282 7.187886 5.031032 -2.650590 7.167064 5.028494 -2.628201 7.153377 5.010884 
-2.628201 7.153377 5.010884 -2.512508 7.153377 5.000535 -2.534282 7.187886 5.031032 
-2.606515 7.856875 5.110291 -2.811281 7.665348 5.268084 -2.702229 7.198632 5.069109 
-2.702229 7.198632 5.069109 -2.584504 7.267478 5.101370 -2.606515 7.856875 5.110291 
-1.884038 7.721336 5.275693 -1.902143 7.743301 5.252674 -1.848836 7.882343 5.320450 
-1.848836 7.882343 5.320450 -1.830730 7.860378 5.343469 -1.884038 7.721336 5.275693 
-2.938641 10.633014 5.293671 -3.105583 10.177114 5.381336 -3.087352 9.423166 5.372016 
-3.087352 9.423166 5.372016 -2.832686 10.076754 5.245687 -2.938641 10.633014 5.293671 
-2.066551 10.269678 5.043643 -2.008221 9.656534 5.117804 -2.151549 11.153307 4.935575 
-2.151549 11.153307 4.935575 -2.151549 11.153307 4.935575 -2.066551 10.269678 5.043643 
-2.330971 11.607806 4.986561 -2.751065 11.088914 5.232240 -2.671370 10.693732 5.391498 
-2.671370 10.693732 5.391498 -2.285045 11.142391 5.019966 -2.330971 11.607806 4.986561 
-2.358372 8.160697 5.398121 -2.312507 7.543341 5.254147 -2.336677 8.017576 5.370132 
-2.464332 8.048402 5.435099 -2.420184 7.468113 5.199888 -2.312507 7.543341 5.254147 
-2.358372 8.160697 5.398121 -2.464332 8.048402 5.435099 -2.312507 7.543341 5.254147 
-2.336286 7.271318 5.102090 -2.403883 7.248567 5.053610 -2.396815 7.153377 4.990187 
-2.396815 7.153377 4.990187 -2.339079 7.153377 4.985023 -2.336286 7.271318 5.102090 
-2.289640 6.233952 4.747946 -2.289640 6.233952 4.747946 -2.289640 6.233952 4.747946 
-2.289640 6.233952 4.747946 -2.289640 6.233952 4.747946 -2.289640 6.233952 4.747946 
-2.339079 7.153377 4.985023 -2.396815 7.153377 4.990187 -2.289640 6.233952 4.747946 
-2.289640 6.233952 4.747946 -2.289640 6.233952 4.747946 -2.339079 7.153377 4.985023 
-2.811281 7.665348 5.268084 -4.341019 12.166719 6.358054 -4.338999 12.098346 6.356465 
-4.338999 12.098346 6.356465 -2.702229 7.198632 5.069109 -2.811281 7.665348 5.268084 
-3.105583 10.177114 5.381336 -4.264209 12.545303 6.292622 -4.348627 12.424240 6.364038 
-4.348627 12.424240 6.364038 -3.087352 9.423166 5.372016 -3.105583 10.177114 5.381336 
-3.087352 9.423166 5.372016 -4.348627 12.424240 6.364038 -4.344228 12.275352 6.360579 
-4.344228 12.275352 6.360579 -2.911404 9.036411 5.233629 -3.087352 9.423166 5.372016 
-2.911404 9.036411 5.233629 -4.344228 12.275352 6.360579 -4.341019 12.166719 6.358054 
-4.341019 12.166719 6.358054 -2.811281 7.665348 5.268084 -2.911404 9.036411 5.233629 
-2.545760 10.839609 5.270698 -2.671370 10.693732 5.391498 -2.525551 9.809293 5.449912 
-2.525551 9.809293 5.449912 -2.440120 9.908852 5.366799 -2.545760 10.839609 5.270698 
-2.440120 9.908852 5.366799 -2.525551 9.809293 5.449912 -2.464332 8.048402 5.435099 
-2.464332 8.048402 5.435099 -2.358372 8.160697 5.398121 -2.440120 9.908852 5.366799 
-1.888515 8.373367 5.270000 -1.893489 8.379401 5.263676 -1.910403 8.567680 5.242171 
-1.910403 8.567680 5.242171 -1.910403 8.567680 5.242171 -1.888515 8.373367 5.270000 
-1.910403 8.567680 5.242171 -1.910403 8.567680 5.242171 -2.008221 9.656534 5.117804 
-2.008221 9.656534 5.117804 -2.066551 10.269678 5.043643 -1.910403 8.567680 5.242171 
-2.832686 10.076754 5.245687 -3.087352 9.423166 5.372016 -2.911404 9.036411 5.233629 
-2.911404 9.036411 5.233629 -2.698207 9.422852 5.172131 -2.832686 10.076754 5.245687 
-2.698207 9.422852 5.172131 -2.911404 9.036411 5.233629 -2.811281 7.665348 5.268084 
-2.811281 7.665348 5.268084 -2.606515 7.856875 5.110291 -2.698207 9.422852 5.172131 
-2.911404 9.036411 5.233629 -2.911404 9.036411 5.233629 -2.783030 7.665348 5.132660 
-2.783030 7.665348 5.132660 -2.811281 7.665348 5.268084 -2.911404 9.036411 5.233629 
-2.911404 9.036411 5.233629 -2.808208 9.036411 5.364834 -2.616710 7.665348 5.371538 
-2.616710 7.665348 5.371538 -2.783030 7.665348 5.132660 -2.911404 9.036411 5.233629 
-2.808208 9.036411 5.364834 -2.525551 9.809293 5.449912 -2.464332 8.048402 5.435099 
-2.464332 8.048402 5.435099 -2.616710 7.665348 5.371538 -2.808208 9.036411 5.364834 
-2.525551 9.809293 5.449912 -2.698207 9.422852 5.172131 -2.606515 7.856875 5.110291 
-2.606515 7.856875 5.110291 -2.464332 8.048402 5.435099 -2.525551 9.809293 5.449912 
-2.671370 10.693732 5.391498 -2.832686 10.076754 5.245687 -2.698207 9.422852 5.172131 
-2.698207 9.422852 5.172131 -2.525551 9.809293 5.449912 -2.671370 10.693732 5.391498 
-2.751065 11.088914 5.232240 -2.938641 10.633014 5.293671 -2.832686 10.076754 5.245687 
-2.832686 10.076754 5.245687 -2.671370 10.693732 5.391498 -2.751065 11.088914 5.232240 
-2.464332 8.048402 5.435099 -2.606515 7.856875 5.110291 -2.584504 7.267478 5.101370 
-2.584504 7.267478 5.101370 -2.420184 7.468113 5.199888 -2.464332 8.048402 5.435099 
-2.403883 7.248567 5.053610 -2.534282 7.187886 5.031032 -2.512508 7.153377 5.000535 
-2.512508 7.153377 5.000535 -2.396815 7.153377 4.990187 -2.403883 7.248567 5.053610 
-2.289640 6.233952 4.747946 -2.289640 6.233952 4.747946 -2.315934 6.233952 4.714515 
-2.315934 6.233952 4.714515 -2.289640 6.233952 4.747946 -2.289640 6.233952 4.747946 
-2.396815 7.153377 4.990187 -2.512508 7.153377 5.000535 -2.289640 6.233952 4.747946 
-2.289640 6.233952 4.747946 -2.289640 6.233952 4.747946 -2.396815 7.153377 4.990187 
-2.808208 9.036411 5.364834 -2.832686 10.076754 5.245687 -2.525551 9.809293 5.449912 
-2.911404 9.036411 5.233629 -2.832686 10.076754 5.245687 -2.808208 9.036411 5.364834 
-2.616710 7.665348 5.371538 -2.464332 8.048402 5.435099 -2.420184 7.468113 5.199888 
-3.050340 11.604789 5.330665 -3.091076 11.433299 5.362705 -3.031056 11.118196 5.335524 
-3.031056 11.118196 5.335524 -2.901997 11.401669 5.330698 -3.050340 11.604789 5.330665 
-3.131812 11.261809 5.394745 -4.142758 12.719475 6.189877 -4.190578 12.650896 6.230331 
-4.190578 12.650896 6.230331 -3.121485 10.834723 5.389465 -3.131812 11.261809 5.394745 
-2.303073 12.686043 4.742923 -3.050340 11.604789 5.330665 -2.901997 11.401669 5.330698 
-2.901997 11.401669 5.330698 -2.256526 12.684780 4.849393 -2.303073 12.686043 4.742923 
-3.091076 11.433299 5.362705 -3.131812 11.261809 5.394745 -3.121485 10.834723 5.389465 
-3.121485 10.834723 5.389465 -3.031056 11.118196 5.335524 -3.091076 11.433299 5.362705 
-2.191900 11.769863 4.884272 -2.212533 11.769863 4.858037 -2.265726 12.307636 4.790408 
-2.265726 12.307636 4.790408 -2.248166 12.307636 4.812733 -2.191900 11.769863 4.884272 
-2.303073 12.686043 4.742923 -2.565080 12.305434 4.924817 -3.062090 11.604789 5.315726 
-3.062090 11.604789 5.315726 -3.050340 11.604789 5.330665 -2.303073 12.686043 4.742923 
-4.154508 12.719475 6.174937 -4.275959 12.545303 6.277683 -4.202328 12.650896 6.215392 
-4.355978 12.275352 6.345639 -4.360377 12.424240 6.349099 -4.275959 12.545303 6.277683 
-4.350749 12.098346 6.341526 -4.352769 12.166719 6.343115 -4.355978 12.275352 6.345639 
-2.699860 7.190001 5.043064 -2.713980 7.198632 5.054170 -4.350749 12.098346 6.341526 
-2.639951 7.153377 4.995945 -2.662341 7.167064 5.013555 -2.699860 7.190001 5.043064 
-2.314823 12.658228 4.727984 -2.315934 6.233952 4.714515 -2.639951 7.153377 4.995945 
-2.565080 12.305434 4.924817 -2.548109 12.329359 4.911468 -2.314823 12.658228 4.727984 
-3.102826 11.433299 5.347766 -3.062090 11.604789 5.315726 -2.565080 12.305434 4.924817 
-4.154508 12.719475 6.174937 -3.143562 11.261809 5.379806 -4.275959 12.545303 6.277683 
-3.143562 11.261809 5.379806 -3.102826 11.433299 5.347766 -2.565080 12.305434 4.924817 
-2.565080 12.305434 4.924817 -2.314823 12.658228 4.727984 -2.639951 7.153377 4.995945 
-2.639951 7.153377 4.995945 -2.699860 7.190001 5.043064 -4.350749 12.098346 6.341526 
-4.350749 12.098346 6.341526 -4.355978 12.275352 6.345639 -4.275959 12.545303 6.277683 
-3.143562 11.261809 5.379806 -2.565080 12.305434 4.924817 -2.639951 7.153377 4.995945 
-3.143562 11.261809 5.379806 -4.350749 12.098346 6.341526 -4.275959 12.545303 6.277683 
-3.143562 11.261809 5.379806 -2.639951 7.153377 4.995945 -4.350749 12.098346 6.341526 
-3.091076 11.433299 5.362705 -3.102826 11.433299 5.347766 -3.143562 11.261809 5.379806 
-3.143562 11.261809 5.379806 -3.131812 11.261809 5.394745 -3.091076 11.433299 5.362705 
-4.341019 12.166719 6.358054 -4.352769 12.166719 6.343115 -4.350749 12.098346 6.341526 
-4.350749 12.098346 6.341526 -4.338999 12.098346 6.356465 -4.341019 12.166719 6.358054 
-4.344228 12.275352 6.360579 -4.355978 12.275352 6.345639 -4.352769 12.166719 6.343115 
-4.352769 12.166719 6.343115 -4.341019 12.166719 6.358054 -4.344228 12.275352 6.360579 
-4.142758 12.719475 6.189877 -4.154508 12.719475 6.174937 -4.202328 12.650896 6.215392 
-4.202328 12.650896 6.215392 -4.190578 12.650896 6.230331 -4.142758 12.719475 6.189877 
-4.348627 12.424240 6.364038 -4.360377 12.424240 6.349099 -4.355978 12.275352 6.345639 
-4.355978 12.275352 6.345639 -4.344228 12.275352 6.360579 -4.348627 12.424240 6.364038 
-3.050340 11.604789 5.330665 -3.062090 11.604789 5.315726 -3.102826 11.433299 5.347766 
-3.102826 11.433299 5.347766 -3.091076 11.433299 5.362705 -3.050340 11.604789 5.330665 
-4.338999 12.098346 6.356465 -4.350749 12.098346 6.341526 -2.713980 7.198632 5.054170 
-2.713980 7.198632 5.054170 -2.702229 7.198632 5.069109 -4.338999 12.098346 6.356465 
-2.650590 7.167064 5.028494 -2.662341 7.167064 5.013555 -2.639951 7.153377 4.995945 
-2.639951 7.153377 4.995945 -2.628201 7.153377 5.010884 -2.650590 7.167064 5.028494 
-2.315934 6.233952 4.714515 -2.315934 6.233952 4.714515 -2.314823 12.658228 4.727984 
-2.314823 12.658228 4.727984 -2.303073 12.658228 4.742923 -2.315934 6.233952 4.714515 
-4.264209 12.545303 6.292622 -4.275959 12.545303 6.277683 -4.360377 12.424240 6.349099 
-4.360377 12.424240 6.349099 -4.348627 12.424240 6.364038 -4.264209 12.545303 6.292622 
-2.628201 7.153377 5.010884 -2.639951 7.153377 4.995945 -2.315934 6.233952 4.714515 
-2.315934 6.233952 4.714515 -2.315934 6.233952 4.714515 -2.628201 7.153377 5.010884 
-3.131812 11.261809 5.394745 -3.143562 11.261809 5.379806 -4.154508 12.719475 6.174937 
-4.154508 12.719475 6.174937 -4.142758 12.719475 6.189877 -3.131812 11.261809 5.394745 
-2.303073 12.709969 4.742923 -2.548109 12.329359 4.911468 -2.565080 12.305434 4.924817 
-2.565080 12.305434 4.924817 -2.303073 12.686043 4.742923 -2.303073 12.709969 4.742923 
-2.303073 12.709969 4.742923 -2.303073 12.686043 4.742923 -2.256526 12.684780 4.849393 
-2.256526 12.684780 4.849393 -2.241199 12.705357 4.838238 -2.303073 12.709969 4.742923 
-2.253297 10.125952 5.192769 -2.262801 10.115497 5.194291 -2.138445 8.393776 5.321372 
-2.138445 8.393776 5.321372 -2.126785 8.405569 5.324696 -2.253297 10.125952 5.192769 
-2.285045 11.142391 5.019966 -2.285045 11.142391 5.019966 -2.262801 10.115497 5.194291 
-2.262801 10.115497 5.194291 -2.253297 10.125952 5.192769 -2.285045 11.142391 5.019966 
-2.213179 7.153377 4.973762 -2.219242 7.153377 4.974304 -2.289640 6.233952 4.747946 
-2.289640 6.233952 4.747946 -2.289640 6.233952 4.747946 -2.213179 7.153377 4.973762 
-2.289640 6.233952 4.747946 -2.289640 6.233952 4.747946 -2.289640 6.233952 4.747946 
-2.289640 6.233952 4.747946 -2.289640 6.233952 4.747946 -2.289640 6.233952 4.747946 
-2.188010 7.322293 5.204041 -2.195983 7.318542 5.202716 -2.219242 7.153377 4.974304 
-2.219242 7.153377 4.974304 -2.213179 7.153377 4.973762 -2.188010 7.322293 5.204041 
-2.321540 11.618797 4.979624 -2.330971 11.607806 4.986561 -2.285045 11.142391 5.019966 
-2.285045 11.142391 5.019966 -2.285045 11.142391 5.019966 -2.321540 11.618797 4.979624 
-2.191900 11.769863 4.884272 -2.321540 11.618797 4.979624 -2.285045 11.142391 5.019966 
-2.285045 11.142391 5.019966 -2.151549 11.153307 4.935575 -2.191900 11.769863 4.884272 
-1.888515 8.373367 5.270000 -2.091179 8.014914 5.365554 -2.076634 7.711884 5.372399 
-2.076634 7.711884 5.372399 -1.830730 7.860378 5.343469 -1.888515 8.373367 5.270000 
-2.025683 7.351882 5.095602 -2.188010 7.322293 5.204041 -2.213179 7.153377 4.973762 
-2.213179 7.153377 4.973762 -2.110209 7.131412 4.988134 -2.025683 7.351882 5.095602 
-2.289640 6.233952 4.747946 -2.289640 6.233952 4.747946 -2.289640 6.233952 4.747946 
-2.289640 6.233952 4.747946 -2.289640 6.233952 4.747946 -2.289640 6.233952 4.747946 
-2.110209 7.131412 4.988134 -2.213179 7.153377 4.973762 -2.289640 6.233952 4.747946 
-2.289640 6.233952 4.747946 -2.289640 6.233952 4.747946 -2.110209 7.131412 4.988134 
-2.151549 11.153307 4.935575 -2.285045 11.142391 5.019966 -2.253297 10.125952 5.192769 
-2.253297 10.125952 5.192769 -2.066551 10.269678 5.043643 -2.151549 11.153307 4.935575 
-2.066551 10.269678 5.043643 -2.253297 10.125952 5.192769 -2.126785 8.405569 5.324696 
-2.126785 8.405569 5.324696 -1.910403 8.567680 5.242171 -2.066551 10.269678 5.043643 
-2.303073 12.658228 4.742923 -2.303073 12.709969 4.742923 -2.241199 12.705357 4.838238 
-2.241199 12.705357 4.838238 -2.248166 12.307636 4.812733 -2.303073 12.658228 4.742923 
-2.303073 12.658228 4.742923 -2.314823 12.658228 4.727984 -2.548109 12.329359 4.911468 
-2.548109 12.329359 4.911468 -2.303073 12.709969 4.742923 -2.303073 12.658228 4.742923 
-2.248166 12.307636 4.812733 -2.241199 12.705357 4.838238 -2.321540 11.618797 4.979624 
-2.321540 11.618797 4.979624 -2.191900 11.769863 4.884272 -2.248166 12.307636 4.812733 
-2.330971 11.607806 4.986561 -2.300896 13.157101 5.651098 -2.285100 13.773935 5.632332 
-2.285100 13.773935 5.632332 -2.256526 12.684780 4.849393 -2.330971 11.607806 4.986561 
-4.190578 12.650896 6.230331 -4.202328 12.650896 6.215392 -4.275959 12.545303 6.277683 
-4.275959 12.545303 6.277683 -4.264209 12.545303 6.292622 -4.190578 12.650896 6.230331 
-2.151549 11.153307 4.935575 -2.151549 11.153307 4.935575 -2.212533 11.769863 4.858037 
-2.212533 11.769863 4.858037 -2.191900 11.769863 4.884272 -2.151549 11.153307 4.935575 
-2.901997 11.401669 5.330698 -3.031056 11.118196 5.335524 -2.938641 10.633014 5.293671 
-2.938641 10.633014 5.293671 -2.751065 11.088914 5.232240 -2.901997 11.401669 5.330698 
-3.121485 10.834723 5.389465 -4.190578 12.650896 6.230331 -4.264209 12.545303 6.292622 
-4.264209 12.545303 6.292622 -3.105583 10.177114 5.381336 -3.121485 10.834723 5.389465 
-2.256526 12.684780 4.849393 -2.901997 11.401669 5.330698 -2.751065 11.088914 5.232240 
-2.751065 11.088914 5.232240 -2.330971 11.607806 4.986561 -2.256526 12.684780 4.849393 
-3.031056 11.118196 5.335524 -3.121485 10.834723 5.389465 -3.105583 10.177114 5.381336 
-3.105583 10.177114 5.381336 -2.938641 10.633014 5.293671 -3.031056 11.118196 5.335524 
-2.269772 13.794512 5.621177 -2.285100 13.773935 5.632332 -2.300896 13.157101 5.651098 
-2.300896 13.157101 5.651098 -2.291465 13.168091 5.644162 -2.269772 13.794512 5.621177 
-2.241199 12.705357 4.838238 -2.269772 13.794512 5.621177 -2.291465 13.168091 5.644162 
-2.291465 13.168091 5.644162 -2.321540 11.618797 4.979624 -2.241199 12.705357 4.838238 
-2.256526 12.684780 4.849393 -2.285100 13.773935 5.632332 -2.269772 13.794512 5.621177 
-2.269772 13.794512 5.621177 -2.241199 12.705357 4.838238 -2.256526 12.684780 4.849393 
-2.321540 11.618797 4.979624 -2.291465 13.168091 5.644162 -2.300896 13.157101 5.651098 
-2.300896 13.157101 5.651098 -2.330971 11.607806 4.986561 -2.321540 11.618797 4.979624 
-1.884038 7.721336 5.275693 -1.888002 7.720224 5.270653 -2.022565 7.369243 5.099567 
-2.022565 7.369243 5.099567 -2.025683 7.351882 5.095602 -1.884038 7.721336 5.275693 
-2.107088 7.605355 5.326364 -2.118263 7.595320 5.321907 -2.195983 7.318542 5.202716 
-2.195983 7.318542 5.202716 -2.188010 7.322293 5.204041 -2.107088 7.605355 5.326364 
-2.688109 7.190001 5.058003 -2.699860 7.190001 5.043064 -2.662341 7.167064 5.013555 
-2.662341 7.167064 5.013555 -2.650590 7.167064 5.028494 -2.688109 7.190001 5.058003 
-2.415727 7.408081 5.159890 -2.570771 7.245715 5.082137 -2.534282 7.187886 5.031032 
-2.534282 7.187886 5.031032 -2.403883 7.248567 5.053610 -2.415727 7.408081 5.159890 
-2.319009 7.468960 5.212569 -2.415727 7.408081 5.159890 -2.403883 7.248567 5.053610 
-2.403883 7.248567 5.053610 -2.336286 7.271318 5.102090 -2.319009 7.468960 5.212569 
-2.110209 7.131412 4.988134 -2.128315 7.153377 4.965114 -2.043789 7.373847 5.072583 
-2.043789 7.373847 5.072583 -2.025683 7.351882 5.095602 -2.110209 7.131412 4.988134 
-2.570771 7.245715 5.082137 -2.688109 7.190001 5.058003 -2.650590 7.167064 5.028494 
-2.650590 7.167064 5.028494 -2.534282 7.187886 5.031032 -2.570771 7.245715 5.082137 
-2.584504 7.267478 5.101370 -2.702229 7.198632 5.069109 -2.688109 7.190001 5.058003 
-2.688109 7.190001 5.058003 -2.570771 7.245715 5.082137 -2.584504 7.267478 5.101370 
-2.312507 7.543341 5.254147 -2.420184 7.468113 5.199888 -2.415727 7.408081 5.159890 
-2.415727 7.408081 5.159890 -2.319009 7.468960 5.212569 -2.312507 7.543341 5.254147 
-2.420184 7.468113 5.199888 -2.584504 7.267478 5.101370 -2.570771 7.245715 5.082137 
-2.570771 7.245715 5.082137 -2.415727 7.408081 5.159890 -2.420184 7.468113 5.199888 
-2.702229 7.198632 5.069109 -2.713980 7.198632 5.054170 -2.699860 7.190001 5.043064 
-2.699860 7.190001 5.043064 -2.688109 7.190001 5.058003 -2.702229 7.198632 5.069109 
-2.076634 7.711884 5.372399 -2.089014 7.699483 5.366764 -2.118263 7.595320 5.321907 
-2.118263 7.595320 5.321907 -2.107088 7.605355 5.326364 -2.076634 7.711884 5.372399 
-2.076634 7.711884 5.372399 -1.884038 7.721336 5.275693 -1.830730 7.860378 5.343469 
-2.025683 7.351882 5.095602 -2.043789 7.373847 5.072583 -1.902143 7.743301 5.252674 
-1.902143 7.743301 5.252674 -1.884038 7.721336 5.275693 -2.025683 7.351882 5.095602 
-2.076634 7.711884 5.372399 -2.078871 7.711245 5.368741 -2.107803 7.610043 5.325007 
-2.107803 7.610043 5.325007 -2.107088 7.605355 5.326364 -2.076634 7.711884 5.372399 
-2.302951 7.551129 5.256401 -2.312507 7.543341 5.254147 -2.336286 7.271318 5.102090 
-2.336286 7.271318 5.102090 -2.195983 7.318542 5.202716 -2.302951 7.551129 5.256401 
-2.262801 10.115497 5.194291 -2.440120 9.908852 5.366799 -2.358372 8.160697 5.398121 
-2.358372 8.160697 5.398121 -2.138445 8.393776 5.321372 -2.262801 10.115497 5.194291 
-2.285045 11.142391 5.019966 -2.545760 10.839609 5.270698 -2.440120 9.908852 5.366799 
-2.440120 9.908852 5.366799 -2.262801 10.115497 5.194291 -2.285045 11.142391 5.019966 
-2.219242 7.153377 4.974304 -2.339079 7.153377 4.985023 -2.289640 6.233952 4.747946 
-2.289640 6.233952 4.747946 -2.289640 6.233952 4.747946 -2.219242 7.153377 4.974304 
-2.289640 6.233952 4.747946 -2.289640 6.233952 4.747946 -2.289640 6.233952 4.747946 
-2.289640 6.233952 4.747946 -2.289640 6.233952 4.747946 -2.289640 6.233952 4.747946 
-2.195983 7.318542 5.202716 -2.336286 7.271318 5.102090 -2.339079 7.153377 4.985023 
-2.339079 7.153377 4.985023 -2.219242 7.153377 4.974304 -2.195983 7.318542 5.202716 
-2.089014 7.699483 5.366764 -2.090632 7.699464 5.363387 -2.184678 7.341134 5.208801 
-2.184678 7.341134 5.208801 -2.188010 7.322293 5.204041 -2.089014 7.699483 5.366764 
-2.138445 8.393776 5.321372 -2.358372 8.160697 5.398121 -2.336677 8.017576 5.370132 
-2.336677 8.017576 5.370132 -2.103036 8.002954 5.361595 -2.138445 8.393776 5.321372 
-1.910403 8.567680 5.242171 -2.126785 8.405569 5.324696 -2.091179 8.014914 5.365554 
-2.091179 8.014914 5.365554 -1.888515 8.373367 5.270000 -1.910403 8.567680 5.242171 
-2.126785 8.405569 5.324696 -2.138445 8.393776 5.321372 -2.103036 8.002954 5.361595 
-2.103036 8.002954 5.361595 -2.091179 8.014914 5.365554 -2.126785 8.405569 5.324696 
-1.830730 7.860378 5.343469 -1.848836 7.882343 5.320450 -1.893489 8.379401 5.263676 
-1.893489 8.379401 5.263676 -1.888515 8.373367 5.270000 -1.830730 7.860378 5.343469 
-2.188010 7.322293 5.204041 -2.184678 7.341134 5.208801 -2.107803 7.610043 5.325007 
-2.107803 7.610043 5.325007 -2.107088 7.605355 5.326364 -2.188010 7.322293 5.204041 
-2.103036 8.002954 5.361595 -2.103954 7.987761 5.358477 -2.092689 7.999123 5.362238 
-2.092689 7.999123 5.362238 -2.091179 8.014914 5.365554 -2.103036 8.002954 5.361595 
-2.092689 7.999123 5.362238 -2.103954 7.987761 5.358477 -2.090632 7.699464 5.363387 
-2.090632 7.699464 5.363387 -2.078871 7.711245 5.368741 -2.092689 7.999123 5.362238 
-1.888002 7.720224 5.270653 -2.107803 7.610043 5.325007 -2.184678 7.341134 5.208801 
-2.184678 7.341134 5.208801 -2.022565 7.369243 5.099567 -1.888002 7.720224 5.270653 
-2.078871 7.711245 5.368741 -1.888002 7.720224 5.270653 -2.107803 7.610043 5.325007 
-2.103954 7.987761 5.358477 -2.325912 8.001653 5.366587 -2.302951 7.551129 5.256401 
-2.302951 7.551129 5.256401 -2.090632 7.699464 5.363387 -2.103954 7.987761 5.358477 
-2.184678 7.341134 5.208801 -2.090632 7.699464 5.363387 -2.302951 7.551129 5.256401 
-2.302951 7.551129 5.256401 -2.078871 7.711245 5.368741 -2.184678 7.341134 5.208801 
-2.025683 7.351882 5.095602 -2.022565 7.369243 5.099567 -2.184678 7.341134 5.208801 
-2.184678 7.341134 5.208801 -2.188010 7.322293 5.204041 -2.025683 7.351882 5.095602 
-2.076634 7.711884 5.372399 -2.078871 7.711245 5.368741 -2.302951 7.551129 5.256401 
-2.302951 7.551129 5.256401 -2.312507 7.543341 5.254147 -2.076634 7.711884 5.372399 
-2.091179 8.014914 5.365554 -2.092689 7.999123 5.362238 -2.078871 7.711245 5.368741 
-2.078871 7.711245 5.368741 -2.076634 7.711884 5.372399 -2.091179 8.014914 5.365554 
-1.884038 7.721336 5.275693 -1.888002 7.720224 5.270653 -2.078871 7.711245 5.368741 
-2.078871 7.711245 5.368741 -2.076634 7.711884 5.372399 -1.884038 7.721336 5.275693 
-2.188010 7.322293 5.204041 -2.184678 7.341134 5.208801 -2.078871 7.711245 5.368741 
-2.078871 7.711245 5.368741 -2.076634 7.711884 5.372399 -2.188010 7.322293 5.204041 
-2.312507 7.543341 5.254147 -2.302951 7.551129 5.256401 -2.325912 8.001653 5.366587 
-2.325912 8.001653 5.366587 -2.336677 8.017576 5.370132 -2.312507 7.543341 5.254147 
-2.076634 7.711884 5.372399 -2.078871 7.711245 5.368741 -2.090632 7.699464 5.363387 
-2.090632 7.699464 5.363387 -2.089014 7.699483 5.366764 -2.076634 7.711884 5.372399 
-2.336677 8.017576 5.370132 -2.325912 8.001653 5.366587 -2.103954 7.987761 5.358477 
-2.103954 7.987761 5.358477 -2.103036 8.002954 5.361595 -2.336677 8.017576 5.370132 
